128 64 16
3 5
2 2 2 2 2 2 2 2 2 2 2 2 2 2 2 2 2 2 2 2 2 2 2 2 2 2 2 2 2 2 2 2 2 2 2 2 2 2 2 2 2 2 2 2 2 2 2 2 2 2 2 2 2 2 2 2 2 2 2 2 2 2 2 2 3 3 3 3 3 3 3 3 3 3 3 3 3 3 3 3 3 3 3 3 3 3 3 3 3 3 3 3 3 3 3 3 3 3 3 3 3 3 3 3 3 3 3 3 3 3 3 3 3 3 3 3 3 3 3 3 3 3 3 3 3 3 3 3 
5 5 5 5 5 5 5 5 5 5 5 5 5 5 5 5 5 5 5 5 5 5 5 5 5 5 5 5 5 5 5 5 5 5 5 5 5 5 5 5 5 5 5 5 5 5 5 5 5 5 5 5 5 5 5 5 5 5 5 5 5 5 5 5 
62 7 8 2 
7 2 32 15 
53 3 33 10 
36 12 63 3 
61 15 56 14 
43 3 59 2 
34 3 12 7 
18 10 25 10 
14 3 26 14 
24 1 17 1 
38 1 54 8 
37 10 51 7 
35 11 45 2 
1 3 11 15 
49 8 64 2 
46 4 20 15 
52 12 29 11 
30 6 3 12 
27 4 58 2 
4 12 2 12 
16 7 22 2 
47 3 60 10 
40 3 41 8 
48 1 31 10 
5 11 57 8 
42 10 13 6 
6 6 44 3 
55 14 19 15 
9 15 39 4 
28 15 21 3 
15 4 23 5 
50 4 10 5 
61 2 3 8 
30 1 27 14 
26 5 42 6 
23 6 37 4 
38 8 12 12 
54 5 5 8 
15 12 50 7 
51 11 47 1 
11 5 44 15 
35 12 40 5 
41 14 58 6 
9 12 33 1 
56 4 24 14 
10 4 25 2 
32 5 20 10 
64 14 18 13 
4 4 8 6 
17 8 60 6 
14 13 48 12 
49 12 28 13 
39 7 2 15 
46 1 62 12 
21 15 16 13 
1 7 36 10 
55 3 29 3 
53 2 43 11 
22 5 19 3 
34 14 7 3 
59 13 6 10 
13 1 63 5 
57 13 45 10 
52 7 31 2 
38 14 19 13 60 12 
57 10 59 14 25 14 
42 2 62 14 27 13 
44 11 61 6 52 4 
13 15 23 7 33 8 
51 12 64 11 48 14 
7 5 11 4 21 13 
22 11 2 7 40 13 
17 14 46 5 10 10 
15 11 16 11 3 14 
41 6 31 13 53 10 
20 1 35 14 37 12 
4 1 6 15 14 7 
43 1 34 15 30 4 
49 11 39 5 24 8 
32 3 55 5 58 1 
12 4 63 14 45 15 
5 15 28 5 8 7 
36 8 48 8 50 12 
54 12 61 1 20 8 
18 8 55 2 26 13 
9 2 1 15 29 13 
47 12 7 15 56 13 
54 15 26 12 43 4 
40 14 28 6 29 7 
22 8 36 2 27 10 
23 15 6 5 60 13 
9 10 34 1 10 13 
25 13 41 10 11 6 
14 11 3 7 45 11 
17 12 52 13 63 8 
47 10 8 15 53 12 
21 5 42 5 24 11 
51 13 44 2 62 8 
2 2 32 1 57 2 
56 11 59 11 36 15 
39 12 37 8 38 5 
35 1 18 11 15 1 
19 5 31 6 30 14 
33 11 64 15 12 3 
46 6 16 8 13 2 
50 13 5 1 58 10 
49 1 6 2 1 5 
4 10 10 6 54 2 
31 7 16 1 1 2 
19 2 15 14 62 1 
50 5 30 11 39 13 
3 1 33 15 59 3 
24 6 34 5 51 4 
29 2 46 14 43 14 
20 6 60 2 64 3 
4 15 13 10 41 1 
2 4 21 4 52 10 
48 5 8 12 32 12 
35 8 42 13 9 4 
55 1 45 3 49 14 
17 7 18 1 28 2 
7 6 23 2 26 4 
38 12 11 1 14 4 
25 6 63 1 47 14 
22 15 44 7 12 13 
61 5 53 15 27 12 
5 10 37 13 56 6 
40 2 57 12 58 14 
14 3 56 7 86 15 107 5 109 2 
20 12 53 15 72 7 99 2 117 4 
18 12 33 8 74 14 94 7 112 1 
20 12 49 4 77 1 108 10 116 15 
25 11 38 8 82 15 106 1 127 10 
27 6 61 10 77 15 91 5 107 2 
2 2 60 3 71 5 87 15 122 6 
1 2 49 6 82 7 96 15 118 12 
29 15 44 12 86 2 92 10 119 4 
32 5 46 4 73 10 92 13 108 6 
14 15 41 5 71 4 93 6 123 1 
7 7 37 12 81 4 104 3 125 13 
26 6 62 1 69 15 105 2 116 10 
9 3 51 13 77 7 94 11 123 4 
31 4 39 12 74 11 102 1 110 14 
21 7 55 13 74 11 105 8 109 1 
10 1 50 8 73 14 95 12 121 7 
8 10 48 13 85 8 102 11 121 1 
28 15 59 3 65 13 103 5 110 2 
16 15 47 10 76 1 84 8 115 6 
30 3 55 15 71 13 97 5 117 4 
21 2 59 5 72 11 90 8 125 15 
31 5 36 6 69 7 91 15 122 2 
10 1 45 14 79 8 97 11 113 6 
8 10 46 2 66 14 93 13 124 6 
9 14 35 5 85 13 88 12 122 4 
19 4 34 14 67 13 90 10 126 12 
30 15 52 13 82 5 89 6 121 2 
17 11 57 3 86 13 89 7 114 2 
18 6 34 1 78 4 103 14 111 11 
24 10 64 2 75 13 103 6 109 7 
2 15 47 5 80 3 99 1 118 12 
3 10 44 1 69 8 104 11 112 15 
7 3 60 14 78 15 92 1 113 5 
13 11 42 12 76 14 102 1 119 8 
4 12 56 10 83 8 90 2 100 15 
12 10 36 4 76 12 101 8 127 13 
11 1 37 8 65 14 101 5 123 12 
29 4 53 7 79 5 101 12 111 13 
23 3 42 5 72 13 89 14 128 2 
23 8 43 14 75 6 93 10 116 1 
26 10 35 6 67 2 97 5 119 13 
6 3 58 11 78 1 88 4 114 14 
27 3 41 15 68 11 98 2 125 7 
13 2 63 10 81 15 94 11 120 3 
16 4 54 1 73 5 105 6 114 14 
22 3 40 1 87 12 96 10 124 14 
24 1 51 12 70 14 83 8 118 5 
15 8 52 12 79 11 107 1 120 14 
32 4 39 7 83 12 106 13 111 5 
12 7 40 11 70 12 98 13 113 4 
17 12 64 7 68 4 95 13 117 10 
3 3 58 2 75 10 96 12 126 15 
11 8 38 5 84 12 88 15 108 2 
28 14 57 3 80 5 85 2 120 1 
5 14 45 4 87 13 100 11 127 6 
25 8 63 13 66 10 99 2 128 12 
19 2 43 6 80 1 106 10 128 14 
6 2 61 13 66 14 100 11 112 3 
22 10 50 6 65 12 91 13 115 2 
5 15 33 2 68 6 84 1 126 5 
1 7 54 12 67 14 98 8 110 1 
4 3 62 5 81 14 95 8 124 1 
15 2 48 14 70 11 104 15 115 3 
